1 2 -1 0.5771 1.9221 0 53.7539 18 1200 350 1 1
2 5 -1 0.45466 1.9394 0 50.8843 18 1200 300 1 4
3 2 -1 0.85051 1.8781 0 50.8496 18 1200 300 1 2
4 6 -1 0.48302 1.8565 0 51.2485 18 1200 300 2 3
5 7 -1 0.75732 2.0512 0 52.3024 18 1200 300 2 3
6 2 -1 0.44088 2.218 0 51.1456 18 1200 300 1 2
7 3 -1 0.74386 1.9731 0 50.4925 18 1200 300 1 2
8 4 -1 1.0131 2.2983 0 55.6443 18 1200 300 1 1
9 3 -1 0.8444 1.9393 0 50.7505 18 1200 300 2 3
10 4 -1 0.64279 2.1542 0 51.0964 18 1200 300 2 2
11 7 -1 0.9217 2.7408 0 50.9113 18 1200 300 2 1
12 7 -1 0.93416 2.5296 0 50.6626 18 1200 300 2 4
13 1 -1 0.67517 2.449 0 50.871 18 1200 300 2 1
14 1 -1 0.37489 1.7738 0 50.6576 18 1200 300 1 1
15 2 -1 0.61867 1.8041 0 54.4357 18 1200 300 2 4
16 3 -1 0.24664 2.2867 0 50.8254 18 1200 300 1 3
17 10 -1 1.3854 1.8396 0 51.3854 18 1200 300 2 3
18 8 -1 1.1595 2.7522 0 50.9032 18 1200 300 2 2
19 2 -1 0.98781 1.7619 0 50.7397 18 1200 300 1 1
20 4 -1 0.86834 1.6709 0 50.5813 18 1200 300 1 1
21 3 -1 0.25355 2.3635 0 50.6015 18 1200 300 1 1
22 2 -1 1.0346 2.1505 0 49.8508 18 1200 300 2 3
23 6 -1 0.73666 2.2645 0 52.5572 18 1200 300 2 2
24 4 -1 0.84671 1.6215 0 50.5891 18 1200 300 1 3
25 6 -1 0.59609 1.7873 0 50.9689 18 1200 300 2 1
26 5 -1 0.29772 2.4707 0 49.9169 18 1200 300 1 1
27 2 -1 0.44734 2.4438 0 50.3084 18 1200 300 2 2
28 5 -1 0.77599 1.9323 0 50.1216 18 1200 300 1 1
29 1 -1 0.19222 2.0366 0 50.3471 18 1200 300 1 3
30 3 -1 0.81777 2.1863 0 52.6469 18 1200 300 1 1
31 7 -1 0.76572 1.6721 0 50.9094 18 1200 300 2 2
32 5 -1 0.9666 1.8217 0 51.3973 18 1200 300 2 2
33 2 -1 0.59323 1.7485 0 50.0945 18 1200 300 2 1
34 5 -1 0.5361 2.3 0 50.9635 18 1200 300 1 1
35 3 -1 0.27654 1.6204 0 50.6779 18 1200 300 2 3
36 6 -1 1.2165 2.179 0 50.6529 18 1200 300 2 4
37 3 -1 0.94883 2.3038 0 49.938 18 1200 300 2 2
38 1 -1 0.8858 1.8238 0 50.8659 18 1200 300 1 3
39 2 -1 0.97037 1.6797 0 52.0075 18 1200 300 1 2
40 3 -1 0.53656 1.3537 0 51.2261 18 1200 300 2 2
41 10 -1 0.9597 1.5618 0 50.4005 18 1200 300 2 1
42 3 -1 0.47087 2.0276 0 50.2343 18 1200 300 1 1
43 4 -1 0.75609 1.8289 0 50.2992 18 1200 300 1 2
44 8 -1 0.97687 1.945 0 50.0679 18 1200 300 2 1
45 9 -1 1.0244 2.053 0 50.3144 18 1200 300 2 4
46 2 -1 0.26667 1.911 0 51.1616 18 1200 300 2 2
47 7 -1 1.1782 2.0344 0 50.6353 18 1200 300 2 4
48 10 -1 1.1352 1.8621 0 50.2987 18 1200 300 2 2
49 5 -1 0.33135 1.9994 0 51.3755 18 1200 300 2 1
50 2 -1 0.24875 2.1616 0 50.1925 18 1200 300 2 4
51 5 -1 0.88781 2.0775 0 50.869 18 1200 300 2 1
52 4 -1 0.96052 1.9839 0 49.8638 18 1200 300 2 2
53 8 -1 1.2189 1.8813 0 49.7979 18 1200 300 2 4
54 8 -1 1.3426 2.0329 0 49.9411 18 1200 300 2 2
55 2 -1 0.48461 1.9201 0 50.1192 18 1200 300 1 4
56 3 -1 0.82154 2.0921 0 50.3567 18 1200 300 1 4
57 9 -1 1.5485 1.7482 0 50.1527 18 1200 300 2 3
58 9 -1 0.88488 2.0675 0 50.0862 18 1200 300 2 3
59 1 -1 0.36393 1.7867 0 51.6165 18 1200 300 1 3
60 9 -1 1.1972 1.8367 0 51.0663 18 1200 300 2 3
61 4 -1 0.64111 2.5802 0 50.1841 18 1200 300 2 3
62 2 -1 0.47485 1.997 0 50.3357 18 1200 300 2 3
63 1 -1 0.93526 2.3551 0 50.2074 18 1200 300 2 4
64 9 -1 0.74985 2.3606 0 50.9946 18 1200 300 2 1
65 9 -1 1.0309 1.4896 0 50.9617 18 1200 300 2 2
66 2 -1 0.95973 1.8026 0 51.0519 18 1200 300 2 4
67 4 -1 0.6821 3.116 0 50.6803 18 1200 300 1 3
68 10 -1 1.0319 1.8241 0 50.1612 18 1200 300 2 1
69 9 -1 1.2522 2.1335 0 50.3558 18 1200 300 2 4
70 4 -1 0.64883 1.7345 0 50.7867 18 1200 300 2 1
71 1 -1 0.11109 2.0348 0 50.4001 18 1200 300 1 2
72 2 -1 0.20622 1.9245 0 50.4385 18 1200 300 1 3
73 1 -1 0.53295 2.4883 0 50.2677 18 1200 300 2 2
74 3 -1 1.0322 2.2187 0 50.2716 18 1200 300 1 3
75 1 -1 0.20513 2.3769 0 50.193 18 1200 300 1 1
76 1 -1 1.354 2.2078 0 50.2182 18 1200 300 2 1
77 2 -1 0.63774 1.5938 0 50.0711 18 1200 300 2 1
78 1 -1 0.72193 2.4983 0 50.1886 18 1200 300 1 2
79 1 -1 0.93356 2.672 0 50.2095 18 1200 300 2 4
80 6 -1 0.90827 2.479 0 49.9826 18 1200 300 2 1
81 2 -1 0.23866 1.9847 0 50.9457 18 1200 300 1 1
82 1 -1 0.91815 2.1169 0 50.7774 18 1200 300 2 4
83 2 -1 0.96026 1.8262 0 49.827 18 1200 300 2 3
84 1 -1 0.54365 2.4884 0 49.972 18 1200 300 2 2
85 10 -1 1.1743 3.1762 0 49.8069 18 1200 300 2 3
86 6 -1 0.78075 1.7631 0 50.58 18 1200 300 2 3
87 8 -1 1.0158 1.6734 0 50.4559 18 1200 300 2 3
88 9 -1 1.1206 2.5995 0 50.4071 18 1200 300 2 3
89 1 -1 1.0748 2.0664 0 50.7472 18 1200 300 2 3
90 2 -1 0.48537 1.9482 0 50.8427 18 1200 300 1 3
91 3 -1 0.30671 1.8728 0 50.2173 18 1200 300 1 4
92 1 -1 0.92134 1.8576 0 50.4376 18 1200 300 2 1
93 4 -1 0.65294 2.2518 0 50.7658 18 1200 300 2 3
94 2 -1 0.9018 2.3427 0 49.7727 18 1200 300 1 4
95 2 -1 0.066161 2.8086 0 50.7576 18 1200 300 1 4
96 10 -1 1.2137 2.5928 0 50.1998 18 1200 300 2 1
97 4 -1 1.0925 2.0438 0 50.1168 18 1200 300 1 3
98 3 -1 0.7913 1.8295 0 50.2647 18 1200 300 2 2
99 8 -1 1.1283 2.4922 0 50.2974 18 1200 300 2 3
100 3 -1 0.94911 2.0133 0 50.0312 18 1200 300 2 1
101 3 -1 0.38428 1.6064 0 50.6077 18 1200 300 1 2
102 5 -1 0.282 2.3412 0 50.5971 18 1200 300 1 2
103 7 -1 1.0826 1.9319 0 49.9718 18 1200 300 2 3
104 4 -1 0.74622 1.9859 0 50.1622 18 1200 300 2 2
105 6 -1 1.002 1.6749 0 50.2125 18 1200 300 2 4
106 4 -1 0.82543 2.0807 0 49.9351 18 1200 300 1 2
107 4 -1 0.53183 1.7163 0 50.3215 18 1200 300 2 4
108 1 -1 0.71486 1.86 0 49.8079 18 1200 300 1 3
109 4 -1 0.82436 1.9841 0 50.8114 18 1200 300 1 4
110 8 -1 1.1696 1.6965 0 51.0398 18 1200 300 2 3
111 9 -1 0.79573 1.8166 0 51.9766 18 1200 300 2 4
112 7 -1 1.083 1.6707 0 50.441 18 1200 300 2 1
113 9 -1 1.4316 1.7291 0 50.7232 18 1200 300 2 1
114 7 -1 0.84235 2.3644 0 50.6205 18 1200 300 2 3
115 1 -1 0.80013 1.5994 0 50.7801 18 1200 300 1 4
116 3 -1 0.47026 1.9331 0 50.2778 18 1200 300 1 3
117 9 -1 1.0508 2.3807 0 50.6565 18 1200 300 2 1
118 9 -1 1.3642 2.1494 0 49.9081 18 1200 300 2 2
119 5 -1 0.58239 2.225 0 50.0665 18 1200 300 1 2
120 9 -1 1.0948 1.9341 0 50.6832 18 1200 300 2 2
121 3 -1 0.25011 2.3419 0 50.8076 18 1200 300 2 4
122 1 -1 0.32368 2.2378 0 50.3142 18 1200 300 1 4
123 3 -1 0.53148 2.1136 0 50.3753 18 1200 300 2 1
124 4 -1 0.74384 2.4491 0 49.9837 18 1200 300 2 3
125 5 -1 0.14979 2.0501 0 50.2779 18 1200 300 1 3
126 7 -1 1.1296 1.6144 0 50.0866 18 1200 300 2 2
127 3 -1 0.78728 1.7861 0 50.5562 18 1200 300 1 2
128 8 -1 0.92816 1.6636 0 52.0304 18 1200 300 2 1
129 7 -1 0.81104 2.6142 0 51.4707 18 1200 300 2 2
130 1 -1 1.278 1.921 0 52.0867 18 1200 300 2 3
131 5 -1 0.90808 1.7618 0 50.916 18 1200 300 2 3
132 8 -1 1.4136 2.0952 0 52.1463 18 1200 300 2 2
133 9 -1 0.90906 1.9283 0 50.8753 18 1200 300 2 2
134 6 -1 0.78207 2.2282 0 51.1551 18 1200 300 2 3
135 2 -1 0.55017 1.8405 0 50.7993 18 1200 300 2 4
136 4 -1 0.98176 2.0033 0 52.2217 18 1200 300 2 4
137 8 -1 0.92531 1.8842 0 52.6262 18 1200 300 2 4
138 1 -1 0.89145 1.5851 0 51.9351 18 1200 300 1 1
139 10 -1 1.3943 1.4971 0 51.2832 18 1200 300 2 2
140 3 -1 0.79282 2.1175 0 51.7916 18 1200 300 2 4
141 3 -1 0.7107 2.2562 0 50.9928 18 1200 300 2 4
142 4 -1 0.67956 2.8896 0 53.0102 18 1200 300 1 1
143 2 -1 0.45006 1.3704 0 56.6111 18 1200 300 1 2
144 7 -1 0.90988 2.3506 0 53.6631 18 1200 300 2 2
145 2 -1 0.51823 2.4853 0 54.4182 18 1200 300 2 2
146 6 -1 0.87197 1.8869 0 54.4224 18 1200 300 2 2
147 7 -1 0.59343 1.8213 0 57.6291 18 1200 300 2 4
148 2 -1 1.1765 1.4654 0 51.2985 18 1200 300 2 2
149 8 -1 1.347 2.1704 0 52.2378 18 1200 300 2 4
150 6 -1 0.38161 1.943 0 52.7523 18 1200 300 2 2
151 4 -1 1.1303 1.677 0 80.3889 18 1200 300 2 1
152 5 -1 0.93557 2.386 0 57.4744 18 1200 300 1 3
153 3 -1 0.83724 1.8537 0 52.2731 18 1200 300 1 3
154 3 -1 0.29273 1.918 0 52.3703 18 1200 300 2 1
155 3 -1 0.40277 1.9686 0 51.3742 18 1200 300 2 4
156 10 -1 1.3945 2.1723 0 56.4564 18 1200 300 2 1
157 5 -1 0.50117 1.8367 0 52.8399 18 1200 300 2 2
158 2 -1 0.59506 1.7613 0 53.673 18 1200 300 1 3
159 3 -1 0.96169 1.4008 0 52.9282 18 1200 300 2 3
160 1 -1 1.086 1.7804 0 52.9838 18 1200 300 1 4
161 3 -1 0.44951 1.6729 0 57.0238 18 1200 300 1 4
162 10 -1 1.1381 1.939 0 53.6492 18 1200 300 2 4
163 6 -1 0.29817 1.9613 0 53.0428 18 1200 300 2 1
164 2 -1 0.92572 1.7566 0 51.4074 18 1200 300 2 1
165 5 -1 0.15952 1.8136 0 51.0816 18 1200 300 1 4
166 3 -1 0.80231 1.633 0 52.1983 18 1200 300 2 3
167 3 -1 0.65547 1.8414 0 55.1471 18 1200 300 2 1
168 5 -1 0.8235 1.6961 0 52.7397 18 1200 300 1 4
169 8 -1 0.81652 2.126 0 54.5576 18 1200 300 2 2
170 4 -1 0.78328 1.8694 0 53.2463 18 1200 300 1 2
171 1 -1 1.3748 1.6437 0 55.9 18 1200 300 2 2
172 5 -1 0.79879 2.0524 0 51.3239 18 1200 300 2 4
173 1 -1 0.11235 1.9626 0 52.4131 18 1200 300 1 4
174 1 -1 1.0856 1.609 0 51.5841 18 1200 300 2 4
175 7 -1 0.73005 1.7322 0 51.0477 18 1200 300 2 3
176 8 -1 1.3672 1.9969 0 52.0917 18 1200 300 2 3
177 6 -1 0.41636 1.9107 0 51.8804 18 1200 300 2 4
178 5 -1 0.79569 1.7632 0 51.0192 18 1200 300 2 2
179 8 -1 1.0761 1.9955 0 51.4619 18 1200 300 2 1
180 5 -1 0.52847 2.2656 0 52.0386 18 1200 300 1 3
181 9 -1 0.91873 2.2583 0 51.3062 18 1200 300 2 1
182 9 -1 1.1489 1.8801 0 54.2087 18 1200 300 2 4
183 5 -1 0.72305 2.4283 0 51.5909 18 1200 300 1 2
184 4 -1 0.73708 2.3995 0 51.4063 18 1200 300 2 4
185 2 -1 1.0422 1.7031 0 52.9073 18 1200 300 1 3
186 5 -1 0.68387 1.9881 0 50.6282 18 1200 300 2 1
187 6 -1 0.62931 1.9925 0 51.7394 18 1200 300 2 3
188 5 -1 0.86481 1.85 0 52.8353 18 1200 300 2 3
189 7 -1 1.0885 1.855 0 52.0455 18 1200 300 2 4
190 10 -1 1.2443 1.9867 0 51.8228 18 1200 300 2 3
191 2 -1 0.46786 1.8141 0 52.4928 18 1200 300 2 1
192 10 -1 1.3332 2.5918 0 53.456 18 1200 300 2 2
193 4 -1 0.67118 2.4085 0 51.7085 18 1200 300 1 4
194 5 -1 0.36592 1.8529 0 52.1455 18 1200 300 2 1
195 6 -1 0.11004 2.126 0 51.7328 18 1200 300 2 4
196 4 -1 0.8714 1.911 0 49.8363 18 1200 300 1 1
197 1 -1 0.4038 2.1728 0 51.3534 18 1200 300 1 2
198 10 -1 1.3154 2.1883 0 51.2332 18 1200 300 2 4
199 5 -1 0.85581 1.6464 0 50.6277 18 1200 300 2 3
200 6 -1 0.57747 1.9745 0 50.5344 18 1200 300 2 2
201 5 -1 0.79438 2.0098 0 51.0423 18 1200 300 2 4
202 6 -1 0.98731 1.6866 0 50.871 18 1200 300 2 1
203 4 -1 0.58169 2.5851 0 50.3798 18 1200 300 1 2
204 5 -1 0.49049 2.1628 0 50.5967 18 1200 300 2 4
205 3 -1 0.63014 1.8032 0 50.8778 18 1200 300 1 4
206 1 -1 0.91841 1.6387 0 50.6129 18 1200 300 2 2
207 1 -1 0.64832 2.0179 0 50.5898 18 1200 300 2 3
208 4 -1 0.61872 1.8276 0 49.7858 18 1200 300 2 4
209 7 -1 1.125 2.3067 0 50.9066 18 1200 300 2 1
210 3 -1 0.52034 2.0994 0 49.9854 18 1200 300 2 2
211 1 -1 0.67066 1.7257 0 49.8081 18 1200 300 1 1
212 8 -1 1.2536 2.196 0 50.243 18 1200 300 2 1
213 4 -1 0.98058 1.6091 0 49.9847 18 1200 300 1 4
214 5 -1 0.61209 1.4426 0 50.8177 18 1200 300 2 2
215 2 -1 0.32239 2.2216 0 50.0432 18 1200 300 1 1
216 10 -1 1.1589 2.7647 0 89.7411 18 1200 300 2 4
217 5 -1 0.083487 2.4255 0 50.5848 18 1200 300 1 1
218 4 -1 0.39852 2.2759 0 51.5355 18 1200 300 2 2
219 4 -1 1.0744 2.8848 0 50.7691 18 1200 300 1 3
220 1 -1 0.55696 1.8802 0 52.5396 18 1200 300 1 2
221 2 -1 0.85537 2.0964 0 50.6176 18 1200 300 1 4
222 3 -1 0.7545 2.0317 0 50.8205 18 1200 300 1 1
223 5 -1 0.35209 1.9814 0 50.5585 18 1200 300 2 4
224 5 -1 0.56553 1.9172 0 51.157 18 1200 300 1 2
225 5 -1 0.65944 1.9262 0 51.1308 18 1200 300 2 3
226 8 -1 1.0391 1.946 0 50.4597 18 1200 300 2 4
227 4 -1 0.6154 1.6821 0 50.296 18 1200 300 2 1
228 5 -1 0.89022 1.9865 0 50.1547 18 1200 300 1 3
229 4 -1 0.76263 2.053 0 51.6682 18 1200 300 2 1
230 10 -1 1.3808 2.5871 0 49.98 18 1200 300 2 4
231 5 -1 0.66539 2.3428 0 50.3725 18 1200 300 1 4
232 1 -1 0.75874 1.6008 0 50.4388 18 1200 300 2 3
233 4 -1 1.046 2.5027 0 50.2732 18 1200 300 1 4
234 4 -1 1.1265 1.5912 0 50.4291 18 1200 300 2 3
235 3 -1 0.77029 1.5959 0 50.7868 18 1200 300 1 2
236 1 -1 0.69495 1.5837 0 51.0066 18 1200 300 2 1
237 10 -1 1.1447 1.9618 0 50.1542 18 1200 300 2 2
238 10 -1 1.1565 2.8439 0 50.2248 18 1200 300 2 3
239 7 -1 0.94573 2.5501 0 50.1639 18 1200 300 2 1
240 2 -1 0.60544 2.2751 0 50.0373 18 1200 300 2 3
