1 3 -1 0.74659 2.1759 0 135.4131 18 1200 300 1 1
2 1 -1 0.70688 2.8086 0 52.4036 18 1200 300 1 2
3 2 -1 0.87417 1.3607 0 56.0932 18 1200 300 2 3
4 2 -1 0.50455 2.8086 0 52.9152 18 1200 300 1 1
5 2 -1 0.94494 1.6042 0 57.9844 18 1200 300 2 4
6 2 -1 0.70688 2.8086 0 54.1419 18 1200 300 1 3
7 1 -1 0.12879 1.9041 0 54.6589 18 1200 300 1 2
8 3 -1 0.50455 2.8086 0 52.0932 18 1200 300 1 3
9 1 -1 1.3244 2.5709 0 53.554 18 1200 300 2 3
10 2 -1 0.8418 2.38 0 53.8481 18 1200 300 2 3
11 3 -1 1.0166 1.6148 0 58.4697 18 1200 300 2 2
12 2 -1 1.2086 1.5453 0 56.9516 18 1200 300 2 4
13 2 -1 0.28535 2.8086 0 54.2084 18 1200 300 1 4
14 3 -1 0.081219 2.4983 0 54.1363 18 1200 300 1 3
15 3 -1 0.9447 3.5006 0 61.0849 18 1200 300 2 4
16 2 -1 0.57939 1.8372 0 56.8181 18 1200 300 2 1
17 2 -1 0.5165 2.8573 0 52.7774 18 1200 300 2 4
18 3 -1 0.53352 2.3596 0 52.6608 18 1200 300 2 2
19 1 -1 1.0815 2.1875 0 52.3911 18 1200 300 2 4
20 3 -1 0.5165 2.8573 0 51.3043 18 1200 300 2 2
21 1 -1 0.52837 2.8573 0 51.9331 18 1200 300 2 2
22 3 -1 0.066161 2.8086 0 51.2003 18 1200 300 1 2
23 1 -1 0.28535 2.8086 0 52.3591 18 1200 300 1 3
24 2 -1 0.60566 1.7221 0 52.9497 18 1200 300 1 3
25 1 -1 0.066161 2.8086 0 51.5183 18 1200 300 1 4
26 3 -1 0.066161 2.8086 0 50.714 18 1200 300 1 3
27 2 -1 0.5165 2.8573 0 51.7155 18 1200 300 2 2
28 3 -1 0.50455 2.8086 0 51.227 18 1200 300 1 2
29 3 -1 0.99125 2.8573 0 51.5675 18 1200 300 2 3
30 3 -1 1.0055 2.5339 0 52.754 18 1200 300 2 1
31 2 -1 1.0308 2.2075 0 51.3392 18 1200 300 2 4
32 1 -1 0.95464 3.2349 0 59.6996 18 1200 300 2 4
33 1 -1 0.82509 2.8573 0 51.4673 18 1200 300 2 3
34 1 -1 0.53335 2.3448 0 52.1487 18 1200 300 2 2
35 1 -1 0.50455 2.8086 0 51.6228 18 1200 300 1 1
36 2 -1 0.59909 1.9386 0 51.5456 18 1200 300 1 2
37 2 -1 0.62796 1.9707 0 52.326 18 1200 300 2 4
38 2 -1 0.99125 2.8573 0 52.5317 18 1200 300 2 4
39 1 -1 0.62887 1.8731 0 52.1934 18 1200 300 2 1
40 3 -1 0.5594 2.044 0 53.003 18 1200 300 1 1
41 2 -1 1.008 2.38 0 51.9752 18 1200 300 2 3
42 3 -1 0.56258 2.2497 0 50.6074 18 1200 300 2 3
43 3 -1 0.079273 2.4788 0 51.5892 18 1200 300 1 3
44 1 -1 0.28535 2.8086 0 50.651 18 1200 300 1 2
45 3 -1 0.85403 2.2864 0 52.0329 18 1200 300 2 3
46 1 -1 0.70688 2.8086 0 50.4942 18 1200 300 1 1
47 2 -1 0.5165 2.8573 0 51.8337 18 1200 300 2 3
48 2 -1 0.50455 2.8086 0 51.6599 18 1200 300 1 1
49 3 -1 0.28535 2.8086 0 53.4127 18 1200 300 1 4
50 1 -1 0.81766 1.7472 0 54.0166 18 1200 300 1 4
51 1 -1 0.82509 2.8573 0 51.5812 18 1200 300 2 3
52 3 -1 0.93446 1.8366 0 52.2359 18 1200 300 2 1
53 1 -1 0.86376 2.1953 0 50.9119 18 1200 300 2 2
54 1 -1 0.93852 2.3451 0 57.9852 18 1200 300 2 4
55 2 -1 1.0977 1.8354 0 53.4983 18 1200 300 2 1
56 1 -1 0.28535 2.8086 0 50.5234 18 1200 300 1 3
57 2 -1 0.86273 2.3119 0 52.8809 18 1200 300 1 2
58 1 -1 0.50455 2.8086 0 51.7582 18 1200 300 1 2
59 3 -1 0.70688 2.8086 0 51.5809 18 1200 300 1 1
60 1 -1 0.94029 3.1539 0 58.8528 18 1200 300 2 4
61 2 -1 0.5165 2.8573 0 53.5549 18 1200 300 2 3
62 3 -1 0.28535 2.8086 0 52.7056 18 1200 300 1 1
63 2 -1 0.84182 2.4392 0 51.8724 18 1200 300 2 4
64 1 -1 0.066161 2.8086 0 52.7407 18 1200 300 1 3
65 2 -1 0.066161 2.8086 0 52.9754 18 1200 300 1 4
66 3 -1 0.68859 2.2562 0 53.0322 18 1200 300 2 1
67 3 -1 0.066161 2.8086 0 51.8281 18 1200 300 1 4
68 3 -1 0.11211 2.054 0 52.2282 18 1200 300 1 1
69 1 -1 0.066161 2.8086 0 52.8319 18 1200 300 1 2
70 2 -1 0.74315 2.2111 0 51.9245 18 1200 300 1 3
71 1 -1 0.85999 2.2672 0 52.7772 18 1200 300 2 3
72 3 -1 0.28535 2.8086 0 51.0133 18 1200 300 1 4
73 1 -1 1.0998 1.9165 0 52.5921 18 1200 300 2 4
74 1 -1 0.56012 2.3324 0 52.8968 18 1200 300 2 3
75 2 -1 0.83936 2.5339 0 51.2429 18 1200 300 2 1
76 3 -1 0.080235 2.4898 0 51.5578 18 1200 300 1 4
77 3 -1 1.0692 1.8799 0 51.3911 18 1200 300 2 4
78 3 -1 1.0081 2.3443 0 51.4987 18 1200 300 2 3
79 1 -1 0.29772 2.4707 0 52.3032 18 1200 300 1 4
80 3 -1 0.066161 2.8086 0 50.7238 18 1200 300 1 2
81 3 -1 0.7495 2.1354 0 51.9539 18 1200 300 1 4
82 3 -1 0.72599 2.1863 0 52.9087 18 1200 300 2 1
83 1 -1 0.82509 2.8573 0 51.7164 18 1200 300 2 2
84 3 -1 0.50455 2.8086 0 51.1791 18 1200 300 1 3
85 3 -1 0.71729 2.1559 0 52.6272 18 1200 300 2 1
86 1 -1 0.93491 2.982 0 53.7287 18 1200 300 2 4
87 1 -1 0.63499 2.25 0 51.0499 18 1200 300 1 1
88 1 -1 0.75208 2.01 0 51.4092 18 1200 300 1 2
89 3 -1 0.82509 2.8573 0 51.2646 18 1200 300 2 1
90 3 -1 0.52837 2.8573 0 52.1255 18 1200 300 2 2
91 1 -1 0.82509 2.8573 0 52.8847 18 1200 300 2 1
92 2 -1 0.52837 2.8573 0 51.4554 18 1200 300 2 1
93 2 -1 1.3396 1.633 0 53.8746 18 1200 300 2 1
94 3 -1 1.1243 1.9827 0 54.0001 18 1200 300 2 4
95 2 -1 1.0335 1.6661 0 54.9755 18 1200 300 1 4
96 1 -1 0.69314 2.0393 0 56.1415 18 1200 300 2 1
97 2 -1 0.61259 2.0031 0 53.2963 18 1200 300 1 3
98 3 -1 0.53283 2.2373 0 51.2473 18 1200 300 1 4
99 3 -1 0.34908 2.1345 0 52.9337 18 1200 300 1 2
100 1 -1 0.28535 2.8086 0 51.9553 18 1200 300 1 1
101 1 -1 0.51691 2.4707 0 50.9272 18 1200 300 1 3
102 1 -1 0.52837 2.8573 0 51.3828 18 1200 300 2 2
103 3 -1 0.53165 2.4894 0 53.7941 18 1200 300 2 1
104 3 -1 0.28535 2.8086 0 49.6125 18 1200 250 1 2
105 1 -1 0.82509 2.8573 0 49.8727 18 1200 250 2 1
106 2 -1 0.54808 2.0732 0 48.8899 18 1200 250 1 2
107 3 -1 0.52837 2.8573 0 49.4893 18 1200 250 2 2
108 2 -1 0.99125 2.8573 0 49.7309 18 1200 250 2 1
109 2 -1 0.64637 2.4836 0 50.8246 18 1200 250 2 1
110 2 -1 0.93322 1.6536 0 52.2064 18 1200 250 2 3
111 3 -1 0.70688 2.8086 0 50.1819 18 1200 250 1 2
112 3 -1 0.078526 2.4707 0 48.937 18 1200 250 1 1
113 1 -1 0.50455 2.8086 0 50.0666 18 1200 250 1 3
114 3 -1 0.67435 1.8834 0 49.8246 18 1200 250 2 1
115 1 -1 0.65731 2.2045 0 49.7644 18 1200 250 2 1
116 2 -1 0.52837 2.8573 0 49.3655 18 1200 250 2 2
117 1 -1 0.82509 2.8573 0 49.4559 18 1200 250 2 1
118 3 -1 0.50455 2.8086 0 49.5743 18 1200 250 1 3
119 1 -1 1.0389 1.9134 0 49.9671 18 1200 250 2 2
120 1 -1 0.70688 2.8086 0 49.8601 18 1200 250 1 1
121 1 -1 0.53324 2.4392 0 50.1131 18 1200 250 2 2
122 3 -1 0.70688 2.8086 0 49.2304 18 1200 250 1 2
123 1 -1 0.1569 2.1376 0 49.9806 18 1200 250 1 4
124 3 -1 0.84233 2.3455 0 50.2023 18 1200 250 2 4
125 3 -1 0.28535 2.8086 0 49.3647 18 1200 250 1 3
126 3 -1 1.1314 1.7406 0 51.0374 18 1200 250 2 4
127 1 -1 0.5165 2.8573 0 51.8796 18 1200 250 2 3
128 3 -1 0.89856 2.5779 0 50.6458 18 1200 250 2 4
129 2 -1 0.36482 1.8891 0 50.4957 18 1200 250 1 1
130 3 -1 0.79712 2.1554 0 49.8791 18 1200 250 1 4
131 1 -1 0.55716 2.2835 0 48.9204 18 1200 250 2 3
132 1 -1 0.066161 2.8086 0 49.0054 18 1200 250 1 1
133 2 -1 0.55686 2.2785 0 49.2685 18 1200 250 2 3
134 3 -1 0.99125 2.8573 0 49.6893 18 1200 250 2 1
135 3 -1 0.95694 1.6629 0 50.6355 18 1200 250 1 3
136 1 -1 0.9205 1.6955 0 50.5765 18 1200 250 2 4
137 3 -1 0.5165 2.8573 0 50.4505 18 1200 250 2 2
138 1 -1 0.70688 2.8086 0 49.4376 18 1200 250 1 2
139 1 -1 0.72266 2.428 0 48.5397 18 1200 250 1 3
140 1 -1 0.28535 2.8086 0 50.3827 18 1200 250 1 3
141 2 -1 0.8583 2.2978 0 48.8828 18 1200 250 2 1
142 3 -1 0.75592 2.3544 0 49.8231 18 1200 250 2 4
143 2 -1 0.86479 2.0228 0 49.9688 18 1200 250 2 4
144 1 -1 0.69625 2.5795 0 49.5229 18 1200 250 2 1
145 2 -1 0.28535 2.8086 0 48.9247 18 1200 250 1 1
146 3 -1 0.7242 2.4255 0 49.1173 18 1200 250 1 4
147 2 -1 0.66171 2.1576 0 48.9291 18 1200 250 2 1
148 2 -1 0.066161 2.8086 0 49.3017 18 1200 250 1 4
149 3 -1 1.0015 1.4918 0 50.4467 18 1200 250 2 2
150 2 -1 0.36919 2.2721 0 49.9679 18 1200 250 1 2
151 2 -1 0.82692 1.6864 0 50.9269 18 1200 250 1 2
152 1 -1 0.88923 1.6922 0 49.7036 18 1200 250 2 4
153 3 -1 0.83756 2.0006 0 50.4496 18 1200 250 1 1
154 3 -1 0.82565 1.9126 0 50.2255 18 1200 250 2 4
155 1 -1 0.29904 2.4853 0 49.2692 18 1200 250 1 1
156 1 -1 0.28535 2.8086 0 51.5263 18 1200 250 1 3
157 3 -1 0.70688 2.8086 0 50.1667 18 1200 250 1 2
158 1 -1 0.50455 2.8086 0 49.655 18 1200 250 1 3
159 2 -1 0.74023 1.836 0 51.1242 18 1200 250 1 4
160 2 -1 0.54555 2.3447 0 49.6097 18 1200 250 2 4
161 2 -1 1.1253 1.7346 0 49.8409 18 1200 250 2 4
162 2 -1 0.5165 2.8573 0 49.2673 18 1200 250 2 4
163 2 -1 0.89739 1.8288 0 49.8584 18 1200 250 2 2
164 3 -1 1.0077 2.4883 0 49.3621 18 1200 250 2 2
165 2 -1 0.066161 2.8086 0 49.8826 18 1200 250 1 3
166 1 -1 0.72584 1.544 0 49.2544 18 1200 250 2 1
167 1 -1 0.5165 2.8573 0 49.8516 18 1200 250 2 2
168 3 -1 0.50455 2.8086 0 51.1569 18 1200 250 1 2
169 1 -1 0.066161 2.8086 0 49.8534 18 1200 250 1 3
170 1 -1 0.28535 2.8086 0 50.3153 18 1200 250 1 4
171 1 -1 1.0369 1.9603 0 49.397 18 1200 250 2 2
172 3 -1 0.066161 2.8086 0 49.4242 18 1200 250 1 3
173 1 -1 0.71924 2.4707 0 48.3765 18 1200 250 1 4
174 2 -1 0.72342 2.4254 0 49.3582 18 1200 250 1 1
175 2 -1 0.90097 1.7952 0 49.7661 18 1200 250 2 1
176 3 -1 0.30269 2.368 0 50.237 18 1200 250 1 2
177 1 -1 1.027 2.2038 0 50.531 18 1200 250 2 1
178 3 -1 0.86707 2.0626 0 51.102 18 1200 250 2 2
179 1 -1 1.1298 1.7015 0 50.924 18 1200 250 2 4
180 3 -1 0.77237 1.9728 0 49.4477 18 1200 250 1 4
181 2 -1 0.75205 1.999 0 49.1649 18 1200 250 1 4
182 2 -1 0.066161 2.8086 0 50.2269 18 1200 250 1 1
183 2 -1 0.17879 1.6361 0 49.0443 18 1200 250 1 3
184 2 -1 0.066161 2.8086 0 51.8977 18 1200 250 1 4
185 3 -1 0.31323 2.2289 0 49.6378 18 1200 250 1 1
186 3 -1 0.52837 2.8573 0 49.6897 18 1200 250 2 2
187 2 -1 0.28535 2.8086 0 50.7558 18 1200 250 1 4
188 1 -1 0.77535 1.4907 0 49.0883 18 1200 250 2 4
189 2 -1 0.29772 2.4707 0 49.5258 18 1200 250 1 1
190 3 -1 0.51804 2.4831 0 50.2794 18 1200 250 1 2
191 1 -1 0.94404 1.7779 0 49.0295 18 1200 250 2 4
192 2 -1 0.3036 2.3328 0 49.9568 18 1200 250 1 4
193 3 -1 1.0563 1.8699 0 50.9876 18 1200 250 1 3
194 2 -1 0.50455 2.8086 0 50.3987 18 1200 250 1 1
195 2 -1 0.99125 2.8573 0 48.9755 18 1200 250 2 3
196 1 -1 0.53372 2.4361 0 49.9699 18 1200 250 2 3
197 1 -1 0.5194 2.4958 0 49.9704 18 1200 250 1 1
198 2 -1 0.32018 2.258 0 49.4953 18 1200 250 1 3
199 3 -1 0.99125 2.8573 0 48.6074 18 1200 250 2 2
200 2 -1 1.3907 2.0818 0 50.0484 18 1200 250 2 2
201 1 -1 0.53819 2.2448 0 49.7161 18 1200 250 1 4
202 3 -1 0.54081 2.5748 0 50.8204 18 1200 250 2 3
203 1 -1 0.55627 2.2688 0 50.0908 18 1200 250 2 3
204 3 -1 0.82509 2.8573 0 50.2904 18 1200 250 2 1
205 3 -1 0.54082 2.2111 0 50.2002 18 1200 250 1 1
206 2 -1 0.5165 2.8573 0 49.6878 18 1200 250 2 1
207 2 -1 0.066161 2.8086 0 50.837 18 1200 250 1 1
208 2 -1 0.066161 2.8086 0 51.3249 18 1200 250 1 2
209 3 -1 0.5401 2.2725 0 50.1775 18 1200 250 1 4
210 2 -1 0.70688 2.8086 0 48.9998 18 1200 250 1 1
211 2 -1 0.5165 2.8573 0 49.7971 18 1200 250 2 4
212 2 -1 0.5165 2.8573 0 50.2967 18 1200 250 2 2
213 3 -1 0.28535 2.8086 0 48.3758 18 1200 250 1 1
214 3 -1 0.96035 1.7897 0 50.0899 18 1200 250 1 3
215 3 -1 0.29904 2.4853 0 48.2523 18 1200 250 1 4
216 1 -1 0.63156 2.2159 0 48.3227 18 1200 250 1 3
217 1 -1 0.50455 2.8086 0 47.746 18 1200 250 1 2
218 1 -1 0.31601 2.2828 0 47.3443 18 1200 250 1 1
219 3 -1 1.3024 2.2367 0 47.2632 18 1200 250 2 4
220 1 -1 0.31343 2.2331 0 47.0709 18 1200 250 1 1
221 1 -1 1.1791 1.596 0 47.2738 18 1200 250 2 1
222 1 -1 0.5171 2.4727 0 47.3974 18 1200 250 1 4
223 3 -1 0.95359 1.9872 0 47.803 18 1200 250 2 4
224 3 -1 0.55571 2.3173 0 48.8172 18 1200 250 2 3
225 1 -1 0.91427 1.9215 0 47.3004 18 1200 250 2 2
226 3 -1 0.54148 2.2195 0 47.5872 18 1200 250 1 1
227 1 -1 0.9092 2.3177 0 49.0421 18 1200 250 2 3
228 2 -1 1.069 1.8088 0 49.0111 18 1200 250 2 3
229 2 -1 0.84154 2.4883 0 49.0337 18 1200 250 2 2
230 2 -1 0.55755 1.9649 0 48.1685 18 1200 250 1 3
231 2 -1 0.60726 2.0843 0 47.1304 18 1200 250 2 3
232 1 -1 1.1492 2.0841 0 48.1026 18 1200 250 2 4
233 2 -1 0.50455 2.8086 0 47.9555 18 1200 250 1 1
234 1 -1 0.84233 2.3455 0 47.7049 18 1200 250 2 2
235 2 -1 0.5165 2.8573 0 48.527 18 1200 250 2 1
236 3 -1 0.85981 1.831 0 47.1803 18 1200 250 2 4
237 3 -1 0.066161 2.8086 0 48.6389 18 1200 250 1 1
238 1 -1 0.82509 2.8573 0 47.9421 18 1200 250 2 4
239 2 -1 0.5165 2.8573 0 48.5738 18 1200 250 2 4
240 3 -1 0.99125 2.8573 0 48.8931 18 1200 250 2 3
241 2 -1 0.80283 1.6715 0 48.3445 18 1200 250 1 2
242 1 -1 0.28535 2.8086 0 48.8844 18 1200 250 1 2
243 2 -1 0.28535 2.8086 0 48.4827 18 1200 250 1 1
244 2 -1 0.066161 2.8086 0 49.0905 18 1200 250 1 2
245 2 -1 0.5165 2.8573 0 48.269 18 1200 250 2 2
246 3 -1 0.82509 2.8573 0 47.966 18 1200 250 2 3
247 1 -1 0.54561 2.3455 0 47.0407 18 1200 250 2 3
248 1 -1 0.53051 2.5321 0 47.863 18 1200 250 2 3
249 2 -1 0.88352 2.0409 0 48.6636 18 1200 250 2 4
250 1 -1 0.50455 2.8086 0 48.807 18 1200 250 1 4
251 2 -1 0.5461 2.3546 0 47.3554 18 1200 250 2 2
252 1 -1 0.53324 2.4392 0 48.132 18 1200 250 2 1
253 3 -1 0.50455 2.8086 0 46.9721 18 1200 250 1 2
254 3 -1 0.5165 2.8573 0 47.3176 18 1200 250 2 3
255 3 -1 1.0238 2.2817 0 47.9684 18 1200 250 2 1
256 2 -1 0.52837 2.8573 0 47.2031 18 1200 250 2 4
257 3 -1 0.5165 2.8573 0 48.0978 18 1200 250 2 3
258 3 -1 0.64505 2.3808 0 46.9543 18 1200 250 1 3
259 1 -1 0.71166 2.3155 0 50.7049 18 1200 250 2 1
260 2 -1 0.30041 2.4983 0 48.0369 18 1200 250 1 2
261 2 -1 0.70688 2.8086 0 47.9724 18 1200 250 1 3
262 3 -1 0.28535 2.8086 0 50.0016 18 1200 250 1 2
263 1 -1 1.1478 1.9358 0 48.2612 18 1200 250 2 4
264 2 -1 0.67593 1.6599 0 49.6539 18 1200 250 1 4
265 3 -1 0.30414 2.3025 0 49.058 18 1200 250 1 3
266 3 -1 0.097952 2.2165 0 48.134 18 1200 250 1 2
267 1 -1 0.87826 1.6599 0 48.5655 18 1200 250 1 3
268 2 -1 0.11676 1.9761 0 47.9995 18 1200 250 1 3
269 1 -1 0.85217 2.0031 0 49.3845 18 1200 250 2 4
270 1 -1 0.0998 2.248 0 49.0625 18 1200 250 1 2
271 3 -1 0.89589 1.9016 0 48.6179 18 1200 250 2 4
272 3 -1 0.56819 1.8485 0 47.2631 18 1200 250 2 1
273 2 -1 0.28535 2.8086 0 47.7655 18 1200 250 1 2
274 1 -1 0.10269 2.2151 0 46.9819 18 1200 250 1 1
275 1 -1 1.1585 2.5922 0 47.8154 18 1200 250 2 2
276 2 -1 0.73935 2.2294 0 47.0009 18 1200 250 1 4
277 1 -1 0.76716 1.7914 0 48.5431 18 1200 250 1 4
278 3 -1 0.066161 2.8086 0 47.4978 18 1200 250 1 2
279 1 -1 0.70688 2.8086 0 47.0787 18 1200 250 1 1
280 1 -1 0.99125 2.8573 0 48.2056 18 1200 250 2 3
281 3 -1 0.51804 2.4831 0 47.8861 18 1200 250 1 4
282 1 -1 1.0757 2.0276 0 48.4749 18 1200 250 2 2
283 3 -1 0.28535 2.8086 0 47.8594 18 1200 250 1 3
284 1 -1 0.081219 2.4983 0 48.5448 18 1200 250 1 1
285 1 -1 0.54482 2.4883 0 48.2929 18 1200 250 2 2
286 2 -1 0.5277 2.5566 0 48.728 18 1200 250 2 2
287 1 -1 0.99125 2.8573 0 48.5408 18 1200 250 2 3
288 2 -1 0.71114 1.663 0 48.5015 18 1200 250 2 3
289 2 -1 1.0284 2.0956 0 47.3238 18 1200 250 2 3
290 2 -1 0.80653 2.0207 0 48.2648 18 1200 250 1 2
291 3 -1 0.88167 1.8644 0 47.6271 18 1200 250 2 4
292 3 -1 0.94009 1.7077 0 48.9977 18 1200 250 1 3
293 3 -1 0.56608 2.1935 0 49.2838 18 1200 250 2 2
294 1 -1 0.73439 2.0808 0 49.0371 18 1200 250 2 1
295 2 -1 0.72338 2.3353 0 49.2693 18 1200 250 2 4
296 2 -1 0.59838 2.2395 0 48.6866 18 1200 250 1 3
297 2 -1 0.1843 1.9451 0 47.7353 18 1200 250 1 2
298 3 -1 0.72345 2.4287 0 49.8393 18 1200 250 1 2
299 1 -1 0.6152 1.9067 0 48.7622 18 1200 250 2 2
300 2 -1 0.60946 1.6175 0 51.5947 18 1200 250 2 1
301 1 -1 0.50455 2.8086 0 49.3241 18 1200 250 1 2
302 3 -1 1.0053 2.5321 0 48.9754 18 1200 250 2 3
303 3 -1 0.85418 2.2886 0 49.1144 18 1200 250 2 3
304 3 -1 0.78902 1.8631 0 52.5971 18 1200 250 2 1
305 2 -1 0.42061 2.3107 0 49.8146 18 1200 250 1 3
306 3 -1 0.83678 2.5644 0 48.2804 18 1200 250 2 1
307 2 -1 0.28535 2.8086 0 48.4491 18 1200 250 1 2
308 2 -1 0.52837 2.8573 0 48.4544 18 1200 250 2 2
309 2 -1 1.0872 1.7126 0 48.2426 18 1200 250 2 2
310 2 -1 0.75843 1.9935 0 48.136 18 1200 250 1 1
311 2 -1 0.69881 1.654 0 47.7117 18 1200 250 1 4
312 3 -1 1.2486 2.0357 0 49.3193 18 1200 250 2 4
313 3 -1 0.15408 2.4417 0 48.4995 18 1200 250 1 4
314 3 -1 0.64939 1.7239 0 48.4987 18 1200 250 2 3
315 3 -1 0.34933 2.1355 0 48.3346 18 1200 250 1 1
316 2 -1 0.43287 1.6977 0 49.1256 18 1200 250 1 3
317 1 -1 0.57538 2.0555 0 50.5516 18 1200 250 2 3
318 1 -1 0.1848 1.6266 0 49.6141 18 1200 250 1 4
319 1 -1 0.86493 1.7904 0 48.7442 18 1200 250 1 4
320 3 -1 0.93624 2.4613 0 49.3644 18 1200 250 2 2
321 2 -1 0.31714 2.2165 0 48.9061 18 1200 250 1 4
322 2 -1 0.99125 2.8573 0 47.4297 18 1200 250 2 2
323 1 -1 0.54017 2.1837 0 48.5889 18 1200 250 1 2
324 2 -1 0.084408 2.3328 0 48.7967 18 1200 250 1 1
325 1 -1 0.066161 2.8086 0 47.26 18 1200 250 1 3
326 2 -1 0.72095 2.4898 0 47.2372 18 1200 250 1 4
327 2 -1 0.71943 2.4727 0 47.7195 18 1200 250 1 4
328 3 -1 0.99125 2.8573 0 47.7617 18 1200 250 2 2
329 1 -1 0.078526 2.4707 0 47.5574 18 1200 250 1 4
330 1 -1 0.72056 2.4853 0 47.9392 18 1200 250 1 2
331 3 -1 0.74829 2.1315 0 48.146 18 1200 250 1 1
332 3 -1 0.52111 2.4287 0 48.0264 18 1200 250 1 4
333 1 -1 0.084814 2.4011 0 48.8749 18 1200 250 1 3
334 3 -1 0.14501 2.1749 0 48.8085 18 1200 250 1 1
335 1 -1 0.5577 2.0109 0 48.598 18 1200 250 1 4
336 2 -1 0.56979 1.8658 0 48.1445 18 1200 250 2 3
337 2 -1 0.88453 1.9263 0 48.0961 18 1200 250 2 1
338 2 -1 0.62522 1.6967 0 48.8152 18 1200 250 1 2
339 3 -1 0.16741 1.9534 0 48.2654 18 1200 250 1 4
340 1 -1 0.12318 1.8008 0 48.6629 18 1200 250 1 1
341 1 -1 1.0248 2.2429 0 48.6369 18 1200 250 2 1
342 3 -1 0.30357 2.2926 0 48.8499 18 1200 250 1 3
343 1 -1 0.30114 2.428 0 49.1353 18 1200 250 1 2
344 1 -1 0.78429 2.6754 0 48.5451 18 1200 250 2 4
345 1 -1 0.28535 2.8086 0 50.2438 18 1200 250 1 2
346 3 -1 0.53844 2.245 0 48.4079 18 1200 250 1 1
347 2 -1 0.70688 2.8086 0 49.3363 18 1200 250 1 1
348 3 -1 0.5165 2.8573 0 49.0983 18 1200 250 2 3
349 2 -1 0.30331 2.3579 0 48.7291 18 1200 250 1 3
350 1 -1 0.96726 1.7443 0 47.5707 18 1200 250 1 3
351 2 -1 0.079846 2.4853 0 48.2043 18 1200 250 1 3
352 1 -1 0.54346 2.1628 0 48.2169 18 1200 250 1 1
353 2 -1 1.0341 2.2838 0 47.8677 18 1200 250 2 2
354 2 -1 0.084203 2.3591 0 48.8301 18 1200 250 1 2
355 3 -1 0.82509 2.8573 0 47.6685 18 1200 250 2 3
356 3 -1 0.5165 2.8573 0 48.7526 18 1200 250 2 3
357 2 -1 1.0049 2.5289 0 48.2087 18 1200 250 2 1
358 1 -1 0.82509 2.8573 0 48.9942 18 1200 250 2 1
359 1 -1 0.29866 2.4809 0 49.2574 18 1200 250 1 4
360 3 -1 0.28535 2.8086 0 48.557 18 1200 250 1 4
361 2 -1 0.083497 2.368 0 48.9631 18 1200 250 1 4
362 3 -1 1.0073 2.4882 0 48.1263 18 1200 250 2 1
363 1 -1 0.70688 2.8086 0 49.1066 18 1200 250 1 1
364 1 -1 0.5165 2.8573 0 47.9372 18 1200 250 2 2
365 3 -1 0.88101 2.6653 0 48.4256 18 1200 250 2 4
366 2 -1 0.92332 2.095 0 48.6164 18 1200 250 2 2
367 3 -1 0.69621 2.209 0 50.5316 18 1200 250 2 1
368 2 -1 0.53077 2.5339 0 48.5124 18 1200 250 2 1
369 2 -1 0.57662 2.0295 0 48.0584 18 1200 250 2 3
370 3 -1 0.59303 2.3428 0 49.5464 18 1200 250 2 2
371 2 -1 0.77552 1.9623 0 49.2658 18 1200 250 1 3
372 2 -1 0.83936 2.5339 0 50.0791 18 1200 250 2 3
373 2 -1 0.066161 2.8086 0 48.8083 18 1200 250 1 1
374 2 -1 0.5646 1.8381 0 47.8685 18 1200 250 1 2
375 1 -1 0.28535 2.8086 0 48.6301 18 1200 250 1 4
376 2 -1 1.2107 1.9279 0 48.3504 18 1200 250 2 2
377 1 -1 0.79579 1.7615 0 48.6448 18 1200 250 1 3
378 1 -1 1.0073 2.4882 0 49.1539 18 1200 250 2 3
379 3 -1 0.72357 2.2074 0 48.1595 18 1200 250 2 4
380 2 -1 0.52837 2.8573 0 48.6337 18 1200 250 2 2
381 3 -1 1.0084 2.3447 0 48.2725 18 1200 250 2 2
382 1 -1 1.0081 2.3448 0 50.6911 18 1200 250 2 1
383 1 -1 0.15752 2.1315 0 49.1222 18 1200 250 1 2
384 2 -1 0.84024 2.4894 0 51.3666 18 1200 250 2 3
