1 2 -1 1.417 3.1847 0 538.7512 18 1200 250 2 1
2 3 -1 0.92508 2.6789 0 98.9816 18 1200 250 2 1
3 3 -1 1.3337 3.6081 0 92.7517 18 1200 250 1 3
4 2 -1 1.2538 3.5012 0 88.4183 18 1200 250 2 2
5 3 -1 1.1727 2.2275 0 74.9737 18 1200 250 2 4
6 3 -1 0.50769 1.8215 0 56.5611 18 1200 250 1 3
7 3 -1 0.93086 1.5748 0 58.713 18 1200 250 1 4
8 1 -1 1.262 1.5611 0 63.7284 18 1200 250 2 1
9 2 -1 1.3238 2.4699 0 58.0193 18 1200 250 2 2
10 2 -1 0.89716 2.2137 0 53.8093 18 1200 250 1 4
11 3 -1 1.4112 2.8386 0 58.9046 18 1200 250 2 3
12 1 -1 0.52837 2.8573 0 60.8526 18 1200 250 2 2
13 2 -1 0.88346 2.0227 0 52.3337 18 1200 250 1 1
14 2 -1 0.76555 2.1475 0 51.8153 18 1200 250 1 4
15 3 -1 0.54682 2.3104 0 53.6275 18 1200 250 2 3
16 2 -1 0.081743 2.4272 0 51.7773 18 1200 250 1 4
17 3 -1 0.62762 1.8758 0 50.3451 18 1200 250 2 3
18 2 -1 1.144 1.7434 0 49.2358 18 1200 250 2 3
19 3 -1 0.13657 1.7979 0 50.1872 18 1200 250 1 3
20 3 -1 0.90179 1.7203 0 49.7989 18 1200 250 1 4
21 3 -1 0.77703 2.0503 0 49.117 18 1200 250 2 1
22 3 -1 1.1923 1.6272 0 51.9009 18 1200 250 2 3
23 3 -1 1.184 1.9019 0 50.9838 18 1200 250 1 2
24 1 -1 0.5165 2.8573 0 49.4034 18 1200 250 2 2
25 3 -1 0.46119 1.6697 0 49.7249 18 1200 250 1 3
26 2 -1 0.72342 2.4254 0 48.4593 18 1200 250 1 3
27 2 -1 0.8418 2.38 0 50.8312 18 1200 250 2 4
28 2 -1 0.20471 1.7127 0 50.1286 18 1200 250 1 3
29 3 -1 0.95645 3.3118 0 54.2344 18 1200 250 2 4
30 3 -1 0.70688 2.8086 0 49.7126 18 1200 250 1 2
31 2 -1 1.3439 2.9497 0 50.4806 18 1200 250 2 2
32 3 -1 1.3997 2.5745 0 55.6658 18 1200 250 2 2
33 2 -1 0.72553 2.4011 0 49.3564 18 1200 250 1 1
34 1 -1 0.082709 2.4254 0 49.5179 18 1200 250 1 4
35 1 -1 0.12911 1.8359 0 50.8986 18 1200 250 1 3
36 3 -1 0.73187 1.5712 0 49.7453 18 1200 250 2 1
37 1 -1 0.61722 1.6309 0 49.6919 18 1200 250 1 1
38 3 -1 1.4119 3.0024 0 53.4261 18 1200 250 2 2
39 3 -1 0.52837 2.8573 0 49.4815 18 1200 250 2 2
40 3 -1 0.92204 1.9478 0 48.6903 18 1200 250 2 2
41 2 -1 0.52837 2.8573 0 49.5758 18 1200 250 2 2
42 3 -1 0.64643 2.1866 0 49.5016 18 1200 250 2 1
43 2 -1 1.0697 2.2313 0 49.574 18 1200 250 2 3
44 2 -1 0.5165 2.8573 0 48.8606 18 1200 250 2 3
45 2 -1 1.3248 2.7701 0 50.2559 18 1200 250 2 4
46 1 -1 0.35556 1.8149 0 49.6808 18 1200 250 1 2
47 3 -1 0.52837 2.8573 0 49.3313 18 1200 250 2 2
48 1 -1 1.0461 1.7291 0 50.6445 18 1200 250 1 3
49 2 -1 0.28535 2.8086 0 49.2658 18 1200 250 1 4
50 2 -1 0.5165 2.8573 0 49.3596 18 1200 250 2 2
51 2 -1 0.86969 1.7824 0 48.9445 18 1200 250 1 2
52 1 -1 0.50455 2.8086 0 50.2555 18 1200 250 1 2
53 1 -1 1.1633 2.1323 0 49.4885 18 1200 250 2 4
54 1 -1 1.1298 1.7747 0 49.8525 18 1200 250 2 3
55 1 -1 0.14924 1.7969 0 49.6916 18 1200 250 1 2
56 2 -1 0.30525 1.8854 0 49.8463 18 1200 250 1 3
57 1 -1 1.4105 2.8153 0 51.7447 18 1200 250 2 3
58 2 -1 1.3978 3.1587 0 52.03 18 1200 250 2 1
59 3 -1 1.3984 2.142 0 51.8674 18 1200 250 2 3
60 3 -1 1.0913 1.655 0 48.8923 18 1200 250 2 2
61 2 -1 0.5481 1.9823 0 49.8167 18 1200 250 1 3
62 1 -1 0.31492 2.26 0 49.298 18 1200 250 1 3
63 1 -1 1.0459 1.8725 0 50.2254 18 1200 250 2 3
64 2 -1 1.0054 2.0532 0 49.2695 18 1200 250 1 3
65 2 -1 0.82509 2.8573 0 49.166 18 1200 250 2 4
66 3 -1 0.50455 2.8086 0 48.6613 18 1200 250 1 3
67 1 -1 0.28535 2.8086 0 49.3075 18 1200 250 1 1
68 2 -1 0.5165 2.8573 0 48.946 18 1200 250 2 4
69 1 -1 1.0232 1.9305 0 49.9774 18 1200 250 1 3
70 1 -1 0.76691 2.0856 0 49.6441 18 1200 250 1 1
71 2 -1 0.5165 2.8573 0 49.2614 18 1200 250 2 3
72 2 -1 0.50225 1.7495 0 49.5999 18 1200 250 1 2
73 2 -1 0.29809 2.4747 0 49.0407 18 1200 250 1 1
74 1 -1 0.78748 2.2352 0 49.2352 18 1200 250 1 4
75 1 -1 0.87985 1.8869 0 49.1083 18 1200 250 2 2
76 1 -1 1.0941 1.536 0 50.3853 18 1200 250 2 1
77 1 -1 1.3729 1.8487 0 49.6069 18 1200 250 2 2
78 1 -1 0.54183 2.2241 0 50.2247 18 1200 250 1 4
79 1 -1 0.53939 2.2676 0 49.7613 18 1200 250 1 1
80 2 -1 0.50455 2.8086 0 48.9448 18 1200 250 1 1
81 3 -1 0.52278 2.3098 0 49.0253 18 1200 250 1 4
82 2 -1 0.28535 2.8086 0 49.2746 18 1200 250 1 4
83 1 -1 0.28535 2.8086 0 49.5531 18 1200 250 1 4
84 2 -1 0.97023 2.2569 0 54.7377 18 1200 250 1 3
85 3 -1 0.72457 1.5464 0 49.7719 18 1200 250 2 3
86 1 -1 0.50455 2.8086 0 50.0661 18 1200 250 1 3
87 3 -1 0.83702 2.5685 0 50.1608 18 1200 250 2 1
88 3 -1 0.079463 2.4809 0 49.3821 18 1200 250 1 3
89 2 -1 1.2162 1.919 0 49.5331 18 1200 250 2 1
90 1 -1 0.19285 1.6489 0 49.3074 18 1200 250 1 1
91 3 -1 0.54058 2.2088 0 49.7327 18 1200 250 1 4
92 3 -1 0.58589 1.8296 0 51.2816 18 1200 250 2 3
93 1 -1 0.28535 2.8086 0 50.1298 18 1200 250 1 4
94 1 -1 1.2113 1.9151 0 49.5408 18 1200 250 1 3
95 2 -1 0.1979 1.6865 0 49.0515 18 1200 250 1 2
96 2 -1 0.70688 2.8086 0 49.4558 18 1200 250 1 1
97 1 -1 0.95389 3.3816 0 51.9017 18 1200 250 2 4
98 1 -1 0.93597 2.9155 0 51.526 18 1200 250 2 4
99 1 -1 0.10621 2.1864 0 49.7541 18 1200 250 1 4
100 2 -1 0.67696 2.0486 0 49.319 18 1200 250 2 3
101 3 -1 0.9449 2.5801 0 50.9294 18 1200 250 2 4
102 2 -1 1.0985 1.6541 0 49.1952 18 1200 250 1 4
103 3 -1 0.28535 2.8086 0 49.5872 18 1200 250 1 4
104 1 -1 1.1737 2.4698 0 49.2658 18 1200 250 2 3
105 1 -1 1.23 2.4043 0 49.7644 18 1200 250 2 4
106 1 -1 0.50455 2.8086 0 50.0116 18 1200 250 1 3
107 3 -1 0.50455 2.8086 0 49.5319 18 1200 250 1 2
108 1 -1 0.52333 2.3025 0 49.1597 18 1200 250 1 4
109 1 -1 0.92656 2.1031 0 49.7891 18 1200 250 2 4
110 1 -1 0.474 2.2733 0 49.2978 18 1200 250 1 3
111 2 -1 0.17916 1.7932 0 49.2286 18 1200 250 1 2
112 1 -1 0.8418 2.38 0 48.5926 18 1200 250 2 2
113 2 -1 0.66476 2.0623 0 49.0417 18 1200 250 2 3
114 1 -1 0.51691 2.4707 0 49.4144 18 1200 250 1 2
115 3 -1 0.77953 1.931 0 49.0528 18 1200 250 1 1
116 1 -1 0.32798 2.1354 0 49.286 18 1200 250 1 2
117 1 -1 0.57592 2.0499 0 49.5954 18 1200 250 2 3
118 3 -1 0.54762 2.2668 0 49.6172 18 1200 250 2 3
119 1 -1 0.34666 2.0856 0 49.1581 18 1200 250 1 4
120 3 -1 1.2254 1.4167 0 49.6023 18 1200 250 1 3
121 3 -1 1.1823 1.8549 0 49.5099 18 1200 250 2 1
122 3 -1 1.3461 3.0039 0 50.7881 18 1200 250 2 4
123 1 -1 0.32384 2.1692 0 49.0929 18 1200 250 1 2
124 1 -1 1.3222 1.8045 0 49.3097 18 1200 250 2 2
125 1 -1 0.86712 2.0683 0 49.5212 18 1200 250 1 1
126 3 -1 0.28535 2.8086 0 49.1907 18 1200 250 1 3
127 3 -1 0.5165 2.8573 0 49.1515 18 1200 250 2 1
128 2 -1 1.1812 2.6445 0 49.2123 18 1200 250 2 3
129 2 -1 1.1826 1.628 0 49.0622 18 1200 250 2 1
130 1 -1 0.066161 2.8086 0 49.2538 18 1200 250 1 4
131 2 -1 0.72056 2.4853 0 49.66 18 1200 250 1 2
132 1 -1 0.5165 2.8573 0 49.0142 18 1200 250 2 1
133 3 -1 0.3399 2.0507 0 48.9667 18 1200 250 1 2
134 3 -1 1.0459 1.8725 0 49.4333 18 1200 250 2 4
135 3 -1 0.10508 2.1659 0 49.5312 18 1200 250 1 4
136 1 -1 1.0832 1.4721 0 50.5339 18 1200 250 2 3
137 1 -1 0.60437 1.7832 0 49.6824 18 1200 250 2 1
138 1 -1 0.87985 1.8869 0 49.7983 18 1200 250 2 2
139 3 -1 1.0255 1.7717 0 49.0921 18 1200 250 2 1
140 1 -1 0.099113 2.2296 0 49.5506 18 1200 250 1 3
141 2 -1 0.85362 2.5602 0 49.2529 18 1200 250 1 2
142 2 -1 0.68225 1.658 0 49.2968 18 1200 250 1 4
143 1 -1 0.64596 1.6527 0 49.5315 18 1200 250 2 4
144 3 -1 0.82509 2.8573 0 49.4332 18 1200 250 2 1
145 3 -1 0.93561 1.8697 0 49.0316 18 1200 250 2 2
146 1 -1 0.72193 2.4983 0 49.1579 18 1200 250 1 2
147 2 -1 0.62298 1.6637 0 50.6526 18 1200 250 2 4
148 1 -1 0.7434 2.2135 0 49.5653 18 1200 250 1 4
149 3 -1 0.95434 1.7501 0 49.0937 18 1200 250 2 3
150 2 -1 0.64883 2.1783 0 50.0539 18 1200 250 2 4
151 2 -1 1.3943 3.2843 0 51.623 18 1200 250 2 4
152 1 -1 0.55743 2.0266 0 49.0406 18 1200 250 2 3
153 2 -1 0.53051 2.5321 0 49.484 18 1200 250 2 1
154 2 -1 0.5165 2.8573 0 48.0272 18 1200 250 2 4
155 1 -1 0.13007 1.8737 0 48.5701 18 1200 250 1 2
156 3 -1 0.90371 1.8656 0 48.7316 18 1200 250 2 2
157 2 -1 0.82509 2.8573 0 48.0539 18 1200 250 2 4
158 3 -1 0.081219 2.4983 0 47.5515 18 1200 250 1 1
159 2 -1 0.1106 2.037 0 48.2406 18 1200 250 1 3
160 2 -1 0.066161 2.8086 0 48.0615 18 1200 250 1 4
161 3 -1 1.2052 1.5678 0 48.2894 18 1200 250 2 4
162 1 -1 0.5165 2.8573 0 47.8681 18 1200 250 2 2
163 2 -1 0.44193 1.8292 0 47.8588 18 1200 250 1 3
164 2 -1 0.29809 2.4747 0 47.9114 18 1200 250 1 1
165 2 -1 0.84528 2.2738 0 48.2592 18 1200 250 2 1
166 1 -1 0.066161 2.8086 0 47.9076 18 1200 250 1 2
167 3 -1 0.37568 1.9176 0 47.9638 18 1200 250 1 1
168 1 -1 0.56922 1.9398 0 47.9227 18 1200 250 1 4
169 2 -1 0.066161 2.8086 0 47.8035 18 1200 250 1 4
170 2 -1 0.5165 2.8573 0 48.2712 18 1200 250 2 2
171 3 -1 0.11642 2.0667 0 48.5395 18 1200 250 1 2
172 3 -1 0.17677 1.625 0 47.8906 18 1200 250 1 1
173 3 -1 0.50455 2.8086 0 47.858 18 1200 250 1 2
174 2 -1 0.41108 1.6981 0 47.815 18 1200 250 1 2
175 3 -1 0.303 2.3622 0 47.954 18 1200 250 1 2
176 1 -1 0.25179 1.9491 0 47.8568 18 1200 250 1 1
177 2 -1 0.5165 2.8573 0 47.8569 18 1200 250 2 2
178 1 -1 0.77995 1.9278 0 47.4749 18 1200 250 1 4
179 1 -1 0.50455 2.8086 0 47.8562 18 1200 250 1 2
180 3 -1 0.28535 2.8086 0 47.9441 18 1200 250 1 4
181 1 -1 0.57126 1.8869 0 213.8887 18 1200 250 2 1
182 1 -1 0.5165 2.8573 0 48.339 18 1200 250 2 2
183 2 -1 0.52837 2.8573 0 47.9971 18 1200 250 2 2
184 3 -1 0.7944 2.1467 0 47.7762 18 1200 250 1 4
185 2 -1 0.54287 2.2378 0 48.0696 18 1200 250 1 2
186 3 -1 0.46292 1.7203 0 48.4664 18 1200 250 1 1
187 1 -1 0.63034 1.9141 0 47.8743 18 1200 250 2 1
188 2 -1 1.1296 1.5503 0 48.1128 18 1200 250 2 3
189 3 -1 0.50455 2.8086 0 48.0482 18 1200 250 1 2
190 1 -1 0.95086 3.3501 0 49.5013 18 1200 250 2 4
191 2 -1 0.59305 2.2953 0 47.6753 18 1200 250 1 2
192 1 -1 0.55156 2.2685 0 48.4646 18 1200 250 2 3
193 3 -1 0.52837 2.8573 0 47.5468 18 1200 250 2 2
194 2 -1 1.2244 3.192 0 49.1162 18 1200 250 2 2
195 2 -1 0.92227 1.5963 0 48.3064 18 1200 250 1 4
196 3 -1 0.92976 3.1501 0 48.6981 18 1200 250 2 4
197 3 -1 0.57438 1.9467 0 48.0814 18 1200 250 1 3
198 3 -1 1.0291 1.7398 0 47.7182 18 1200 250 2 3
199 3 -1 0.74978 2.1224 0 48.261 18 1200 250 1 1
200 2 -1 0.5165 2.8573 0 48.1036 18 1200 250 2 1
201 1 -1 1.1032 2.3029 0 47.9424 18 1200 250 2 2
202 1 -1 0.37916 1.8931 0 48.4762 18 1200 250 1 1
203 2 -1 0.10933 1.9743 0 47.8683 18 1200 250 1 2
204 2 -1 0.54235 2.2309 0 47.8516 18 1200 250 1 3
205 3 -1 1.0345 2.1483 0 47.8754 18 1200 250 1 3
206 1 -1 0.56012 2.3324 0 49.2656 18 1200 250 2 3
207 3 -1 0.4903 1.6285 0 48.0593 18 1200 250 1 1
208 2 -1 0.72279 2.0591 0 48.5186 18 1200 250 2 1
209 2 -1 1.0975 1.9068 0 47.7507 18 1200 250 2 3
210 2 -1 0.76324 1.9526 0 48.0398 18 1200 250 1 4
211 2 -1 0.53654 2.2246 0 48.4133 18 1200 250 1 3
212 1 -1 1.1421 1.6699 0 48.9036 18 1200 250 2 1
213 3 -1 0.92826 2.6535 0 50.3061 18 1200 250 2 4
214 3 -1 0.095717 2.2617 0 47.9481 18 1200 250 1 4
215 2 -1 1.244 2.8839 0 50.6732 18 1200 250 2 2
216 3 -1 0.55964 2.2676 0 47.6658 18 1200 250 2 3
217 3 -1 0.93631 2.3311 0 48.7536 18 1200 250 2 4
218 3 -1 0.50455 2.8086 0 48.269 18 1200 250 1 3
219 1 -1 0.75605 1.9194 0 47.846 18 1200 250 1 1
220 1 -1 0.96165 1.7167 0 48.2952 18 1200 250 2 4
221 1 -1 0.56528 2.0603 0 48.0397 18 1200 250 2 3
222 3 -1 0.6324 1.9163 0 48.1235 18 1200 250 2 1
223 1 -1 0.70688 2.8086 0 47.9968 18 1200 250 1 2
224 3 -1 0.19864 1.8268 0 47.666 18 1200 250 1 1
225 3 -1 1.008 2.38 0 47.8992 18 1200 250 2 1
226 3 -1 0.5165 2.8573 0 47.5814 18 1200 250 2 2
227 2 -1 0.3438 2.1124 0 47.8252 18 1200 250 1 2
228 3 -1 0.096814 2.2828 0 48.7526 18 1200 250 1 3
229 1 -1 0.87698 1.8867 0 48.0072 18 1200 250 2 1
230 1 -1 1.0055 2.5339 0 48.5926 18 1200 250 2 1
231 2 -1 0.5165 2.8573 0 48.8984 18 1200 250 2 4
232 1 -1 0.52837 2.8573 0 48.059 18 1200 250 2 2
233 3 -1 0.75018 2.1321 0 47.495 18 1200 250 1 4
234 1 -1 0.70688 2.8086 0 48.0713 18 1200 250 1 2
235 1 -1 0.67185 2.369 0 47.9519 18 1200 250 2 1
236 2 -1 0.066161 2.8086 0 47.7401 18 1200 250 1 1
237 1 -1 0.50455 2.8086 0 47.8896 18 1200 250 1 3
238 2 -1 1.3917 2.6453 0 48.7958 18 1200 250 2 2
239 1 -1 1.1386 2.2043 0 47.9326 18 1200 250 2 4
240 2 -1 0.32045 2.2681 0 47.7077 18 1200 250 1 3
241 1 -1 0.53939 2.2676 0 48.0168 18 1200 250 1 1
242 2 -1 0.5165 2.8573 0 48.2322 18 1200 250 2 3
243 2 -1 0.57841 1.8696 0 47.8783 18 1200 250 2 4
244 3 -1 0.55678 1.8422 0 48.2642 18 1200 250 1 1
245 2 -1 0.066161 2.8086 0 48.4558 18 1200 250 1 1
246 3 -1 0.56669 2.034 0 47.4727 18 1200 250 1 1
247 1 -1 0.90735 1.7899 0 47.7297 18 1200 250 2 1
248 2 -1 0.56192 2.1038 0 47.2404 18 1200 250 1 2
249 3 -1 1.1763 1.5792 0 47.7148 18 1200 250 2 3
250 2 -1 0.28535 2.8086 0 48.0596 18 1200 250 1 4
251 3 -1 1.0924 2.6284 0 48.0168 18 1200 250 2 4
252 2 -1 0.5165 2.8573 0 47.665 18 1200 250 2 1
253 1 -1 1.1372 2.247 0 47.638 18 1200 250 2 4
254 3 -1 0.79412 2.2762 0 47.6761 18 1200 250 1 1
255 3 -1 0.66801 1.8279 0 48.1141 18 1200 250 1 1
256 2 -1 1.4133 3.0511 0 48.2639 18 1200 250 2 4
257 1 -1 0.5514 2.2672 0 47.9756 18 1200 250 2 3
258 2 -1 0.52837 2.8573 0 47.7729 18 1200 250 2 2
259 2 -1 0.66463 1.8128 0 48.4349 18 1200 250 2 1
260 1 -1 0.92639 2.9237 0 48.7653 18 1200 250 2 4
261 1 -1 0.066161 2.8086 0 47.9314 18 1200 250 1 1
262 3 -1 0.23086 1.6402 0 47.8367 18 1200 250 1 2
263 3 -1 0.70688 2.8086 0 47.5901 18 1200 250 1 2
264 1 -1 0.066161 2.8086 0 48.064 18 1200 250 1 3
265 1 -1 0.54081 2.5748 0 48.5542 18 1200 250 2 2
266 3 -1 0.084408 2.3328 0 48.1254 18 1200 250 1 2
267 2 -1 0.066161 2.8086 0 47.3992 18 1200 250 1 1
268 2 -1 0.56694 2.0236 0 47.6931 18 1200 250 2 3
269 3 -1 0.403 1.6708 0 48.3589 18 1200 250 1 2
270 2 -1 1.1282 2.052 0 48.4973 18 1200 250 2 3
271 3 -1 1.0278 2.0547 0 48.8197 18 1200 250 2 4
272 3 -1 0.5165 2.8573 0 47.7927 18 1200 250 2 2
273 2 -1 0.71999 2.4788 0 47.9334 18 1200 250 1 1
274 3 -1 0.52819 2.5644 0 47.6657 18 1200 250 2 2
275 1 -1 0.30401 2.4011 0 48.7739 18 1200 250 1 3
276 2 -1 0.52311 2.3517 0 48.3343 18 1200 250 1 1
277 1 -1 0.46497 1.7758 0 48.1898 18 1200 250 1 1
278 3 -1 0.095932 2.2661 0 48.2592 18 1200 250 1 4
279 2 -1 1.0626 1.665 0 47.8659 18 1200 250 2 1
280 2 -1 0.29772 2.4707 0 48.3707 18 1200 250 1 1
281 3 -1 0.2979 2.4727 0 48.0127 18 1200 250 1 4
282 2 -1 0.28535 2.8086 0 47.6328 18 1200 250 1 3
283 2 -1 0.94629 1.7353 0 47.7615 18 1200 250 2 1
284 3 -1 0.92763 2.7365 0 48.7062 18 1200 250 2 4
285 1 -1 0.5684 1.8867 0 47.8145 18 1200 250 2 1
286 3 -1 1.0276 2.2325 0 47.571 18 1200 250 2 1
287 1 -1 1.078 1.9829 0 47.7841 18 1200 250 2 4
288 1 -1 1.0823 1.6547 0 47.9337 18 1200 250 2 3
289 3 -1 1.0931 1.4887 0 48.9484 18 1200 250 2 4
290 3 -1 1.0453 1.8915 0 47.9212 18 1200 250 2 3
291 1 -1 0.87972 1.8725 0 48.0145 18 1200 250 2 1
292 3 -1 0.9489 2.9575 0 47.8147 18 1200 250 2 4
293 1 -1 0.11594 2.1141 0 48.3391 18 1200 250 1 4
294 2 -1 0.92217 1.6629 0 47.6016 18 1200 250 2 3
295 2 -1 0.70508 1.7003 0 47.5175 18 1200 250 1 4
296 3 -1 0.82509 2.8573 0 47.8251 18 1200 250 2 3
297 1 -1 1.1475 2.029 0 48.9447 18 1200 250 1 3
298 3 -1 0.2167 1.7664 0 48.2745 18 1200 250 1 2
299 1 -1 0.5165 2.8573 0 47.6222 18 1200 250 2 2
300 1 -1 0.52837 2.8573 0 47.6009 18 1200 250 2 2
301 3 -1 0.27111 1.6285 0 47.8379 18 1200 250 1 1
302 2 -1 0.52322 2.2364 0 47.7392 18 1200 250 1 2
303 3 -1 0.57207 2.0241 0 47.9963 18 1200 250 2 1
304 2 -1 0.84233 2.3455 0 48.0566 18 1200 250 2 4
305 2 -1 0.72452 2.3622 0 47.8042 18 1200 250 1 3
306 2 -1 0.54337 2.2433 0 47.8676 18 1200 250 1 2
307 3 -1 0.50455 2.8086 0 48.3494 18 1200 250 1 3
308 2 -1 0.12049 2.0382 0 48.1566 18 1200 250 1 2
309 3 -1 0.97379 2.2511 0 48.3369 18 1200 250 1 3
310 2 -1 0.83214 1.6625 0 48.122 18 1200 250 1 2
311 1 -1 1.046 1.8869 0 48.1441 18 1200 250 2 3
312 3 -1 0.70688 2.8086 0 48.1677 18 1200 250 1 2
313 3 -1 1.0077 2.4432 0 47.7199 18 1200 250 2 1
314 2 -1 0.28535 2.8086 0 47.7299 18 1200 250 1 4
315 3 -1 0.52837 2.8573 0 47.6734 18 1200 250 2 2
316 1 -1 0.28535 2.8086 0 47.7929 18 1200 250 1 1
317 2 -1 1.0083 2.3596 0 48.2527 18 1200 250 2 3
318 3 -1 1.2078 2.0663 0 47.8546 18 1200 250 2 4
319 3 -1 0.53051 2.5321 0 49.3734 18 1200 250 2 1
320 2 -1 1.0077 2.4432 0 47.9532 18 1200 250 2 1
321 2 -1 0.5165 2.8573 0 48.7745 18 1200 250 2 3
322 2 -1 0.86454 2.011 0 66.0087 18 1200 250 2 1
323 1 -1 0.3703 2.1936 0 54.3651 18 1200 250 1 2
324 3 -1 0.90118 1.8063 0 47.9541 18 1200 250 2 1
325 1 -1 0.75865 2.1384 0 48.467 18 1200 250 2 1
326 2 -1 0.3248 2.1536 0 47.7946 18 1200 250 1 3
327 2 -1 1.378 1.5756 0 48.0807 18 1200 250 2 2
328 3 -1 0.91798 1.7116 0 47.6235 18 1200 250 2 2
329 2 -1 0.066161 2.8086 0 48.0384 18 1200 250 1 4
330 2 -1 0.5165 2.8573 0 48.4241 18 1200 250 2 2
331 3 -1 0.54682 2.3104 0 47.88 18 1200 250 2 3
332 1 -1 0.53376 2.3644 0 98.0649 18 1200 250 2 1
333 1 -1 0.14988 2.2328 0 47.9975 18 1200 250 1 1
334 1 -1 1.1969 2.8305 0 48.0983 18 1200 250 2 4
335 2 -1 0.28535 2.8086 0 49.1266 18 1200 250 1 1
336 1 -1 0.54955 2.2944 0 47.958 18 1200 250 2 3
337 1 -1 0.32876 2.13 0 47.9871 18 1200 250 1 3
338 1 -1 0.59436 1.907 0 48.0161 18 1200 250 1 4
339 3 -1 0.37186 2.3237 0 47.4669 18 1200 250 1 2
340 1 -1 1.1407 1.6824 0 48.5303 18 1200 250 2 2
341 3 -1 0.37564 1.742 0 47.6755 18 1200 250 1 1
342 3 -1 0.54055 2.5716 0 48.0851 18 1200 250 2 3
343 3 -1 0.84775 2.1321 0 47.7804 18 1200 250 1 1
344 1 -1 0.35341 2.3449 0 47.8564 18 1200 250 1 2
345 3 -1 0.94709 3.5065 0 49.8575 18 1200 250 2 4
346 3 -1 0.52033 2.428 0 47.8568 18 1200 250 1 4
347 2 -1 0.74815 2.1001 0 47.8132 18 1200 250 2 4
348 1 -1 0.94404 2.7844 0 54.1396 18 1200 250 2 4
349 2 -1 0.50455 2.8086 0 48.4114 18 1200 250 1 3
350 3 -1 1.0848 1.6805 0 47.4341 18 1200 250 2 2
351 2 -1 0.88287 3.0128 0 48.4985 18 1200 250 2 3
352 2 -1 0.50455 2.8086 0 47.8249 18 1200 250 1 1
353 2 -1 0.54365 2.4884 0 48.1249 18 1200 250 2 2
354 3 -1 0.52219 2.3622 0 47.8887 18 1200 250 1 2
355 3 -1 0.11045 2.1184 0 48.5075 18 1200 250 1 4
356 1 -1 0.9521 2.397 0 48.0932 18 1200 250 2 3
357 3 -1 0.33072 2.1094 0 52.8216 18 1200 250 1 3
358 2 -1 0.098388 2.2278 0 48.0594 18 1200 250 1 3
359 1 -1 1.3264 2.1962 0 47.8788 18 1200 250 2 1
360 2 -1 1.3334 1.4609 0 47.5016 18 1200 250 2 4
361 1 -1 0.70688 2.8086 0 48.6252 18 1200 250 1 2
362 2 -1 0.73073 1.7518 0 80.1549 18 1200 250 2 1
363 1 -1 0.59101 2.201 0 48.1091 18 1200 250 1 1
364 2 -1 0.553 2.108 0 63.2971 18 1200 250 2 4
365 3 -1 0.5165 2.8573 0 48.2833 18 1200 250 2 2
366 1 -1 0.79847 2.0322 0 49.2775 18 1200 250 1 1
367 1 -1 0.68235 1.6403 0 48.3251 18 1200 250 1 3
368 1 -1 0.56622 2.1666 0 48.2954 18 1200 250 2 3
369 3 -1 0.52072 2.4283 0 47.9528 18 1200 250 1 1
370 1 -1 0.82509 2.8573 0 47.9219 18 1200 250 2 2
371 2 -1 0.80727 1.7638 0 48.0289 18 1200 250 1 1
372 1 -1 0.52283 2.2924 0 47.7832 18 1200 250 1 2
373 1 -1 0.11106 2.0248 0 47.826 18 1200 250 1 3
374 3 -1 0.066161 2.8086 0 47.5475 18 1200 250 1 3
375 1 -1 1.0439 1.8452 0 47.814 18 1200 250 2 4
376 2 -1 0.066161 2.8086 0 47.5729 18 1200 250 1 1
377 3 -1 0.28535 2.8086 0 48.0479 18 1200 250 1 4
378 2 -1 0.53216 2.4882 0 47.7614 18 1200 250 2 1
379 1 -1 0.78695 2.2354 0 48.0186 18 1200 250 1 4
380 2 -1 1.2332 2.3951 0 48.4446 18 1200 250 2 2
381 1 -1 0.9355 2.9044 0 48.0396 18 1200 250 2 4
382 3 -1 0.76841 2.0898 0 48.0809 18 1200 250 1 4
383 1 -1 0.28535 2.8086 0 47.5262 18 1200 250 1 4
384 2 -1 0.72484 2.4492 0 47.4188 18 1200 250 1 4
